40W 125
80W 125
120W 128, 130, 136, 132, 134, 129
160W 144, 150, 150, 150, 151, 149
200W 158, 161, 160, 159, 160, 163
240W 165, 167, 169, 170, 169, 168
280W 171, 176, 176, 177, 178, 178
320W 180
40W 89, 85, 88, 87, 90, 89
80W 102, 100, 100, 105, 108, 104
120W 114, 120, 125, 122, 117 ,119
160W 137, 140, 136, 138, 141, 143
200W 148, 152, 156, 151, 154, 156
240W 161, 160, 163, 165, 165, 167
280W 170, 171, 174, 173, 172, 175
320W 178, 179
40W 92, 93, 85, 86, 87, 89
80W 111, 110, 101, 104, 106, 113
120W 125, 126, 121, 129, 125, 127
160W 139 142, 141, 142, 141, 142
200W 151, 150, 148, 152, 151, 151
240W 157, 159, 163, 163, 164, 165
280W 169, 168, 171, 172, 172, 174
320W 177, 176